3 wam machines:

Setup: 1 seeder, 2 peers, 

File: 19,569 kB - php-5.2.1-win32-installer.msi

Peer			1				2
Trial:			Up		Down		Up		Down

2 peers started simultaneously:

With Rarest-first algorithm:

1			280.427		913.838		6.663		740.231
2			721.469		723.856		0.0		743.917
3			39.222		639.081		293.410		620.340
4			379.912		792.259		9.542		728.763.
5			60.485		912.517		156.860		879.303

6			0.0		1071.104	0.0		1139.596
7			126.361		977.325		93.715		1022.522
8			125.176		1092.635	47.018		957.620
9			109.738		931.278		97.191		1079.733
10			70.284		1060.367	83.383		835.205

With no extensions (dynamic queue size - benefits poor connections):
11			0.0		1154.455	0.0		962.756
12			0.0		1038.476	0.0		897.779
13			9.812		999.234		0.0		862.141
14			0.0		1019.220	0.0		988.383
15			4.738		965.035		0.0		1034.742

16			0.0		958.652		4.359		1065.505
17			95.739		1054.027	0.0		1009.857
18			0.0		993.249		0.0		1033.431
19			0.0		918.255		0.0		1143.927
20			0.0		948.430		91.208		1074.693


Update: With Rarest-first algorithm + slight randomness:
1			21.815		888.607		101.270		974.454
2			0.0		1067.191	0.0		972.758
3			86.153		948.476		64.251		826.491
4			93.921		843.921		21.903		811.109
5			0.0		977.814		0.0		1016.784

6			86.211		949.120		14.134		785.107
7			0.0		1033.158	0.0		1020.336
8			84.433		881.879		13.432		781.626
9			101.606		880.609		26.112		797.749
10			99.055		852.451		95.476		972.275

With no extensions (dynamic queue size - benefits poor connections):
11			110.945		1093.368	105.999		841.128
12			130.159		975.814		84.901		857.456
13			132.415		974.794		82.786		928.142	
14			98.900		1015.623	127.600		901.336
15			0.0		1145.065	0.0		1022.896

16			124.790		990.234		103.611		973.969
17			297.658		885.029		26.667		857.531
18			231.379		1117.597	67.429		915.548
19			111.408		919.895		101.631		856.518
20			47.554		880.489		259.669		1030.275


with extensions, rarest-first algorithm + slight randomness:  Started peer2 5 seconds after peer1
1			0.0		850.524		0.0		1193.681
2			89.092		663.862		59.916		938.693
3			98.076		730.804		58.792		1088.563
4			0.0		1180.359	0.0		1115.813
5			154.655		807.661		19.393		846.367
			
6			60.868		864.923		100.996		1073.219
7			0.0		901.170		0.0		1069.115
8			242.679		842.504		10.531		989.933
9			132.715		727.273		53.060		876.232
10			84.157		797.229		95.751		1008.712